269 614.4 192.0 35.2 70.4 6.33578
269 600.0 190.0 28.16 56.32 6.33538
269 520.0 190.0 28.16 56.32 5.63761
269 609.523809524 198.095238095 42.4096385542 84.8192771084 5.35206
269 588.8 192.0 35.2 70.4 5.16304
269 500.0 190.0 28.16 56.32 5.08919
269 618.666666667 181.333333333 29.4560669456 58.9121338912 5.0716
269 579.047619048 198.095238095 42.4096385542 84.8192771084 5.01355
269 533.333333333 181.333333333 29.4560669456 58.9121338912 4.64635
269 537.6 192.0 35.2 70.4 4.63749
269 540.0 190.0 28.16 56.32 4.63426
269 568.888888889 195.555555556 51.0144927536 102.028985507 4.36223
269 580.0 190.0 28.16 56.32 4.3343
269 563.2 192.0 35.2 70.4 4.18958
269 554.666666667 181.333333333 29.4560669456 58.9121338912 4.00718
269 597.333333333 202.666666667 29.4560669456 58.9121338912 3.97344
269 512.0 181.333333333 29.4560669456 58.9121338912 3.85073
269 597.333333333 181.333333333 29.4560669456 58.9121338912 3.7283
269 618.666666667 202.666666667 29.4560669456 58.9121338912 3.4934
269 548.571428571 198.095238095 42.4096385542 84.8192771084 3.46
299 614.4 192.0 35.2 70.4 6.234
299 600.0 190.0 28.16 56.32 5.42032
299 609.523809524 198.095238095 42.4096385542 84.8192771084 5.41048
299 588.8 192.0 35.2 70.4 4.95283
299 618.666666667 202.666666667 29.4560669456 58.9121338912 4.40216
299 597.333333333 181.333333333 29.4560669456 58.9121338912 3.80163
299 620.0 190.0 28.16 56.32 3.46379
299 597.333333333 202.666666667 29.4560669456 58.9121338912 3.44454
299 604.444444444 195.555555556 51.0144927536 102.028985507 3.35838
299 580.0 190.0 28.16 56.32 3.3373
329 220.0 70.0 28.16 56.32 3.32654
359 420.0 170.0 28.16 56.32 5.3102
359 440.0 170.0 28.16 56.32 4.79584
359 500.0 170.0 28.16 56.32 4.22903
359 614.4 192.0 35.2 70.4 4.15134
359 170.666666667 32.0 29.4560669456 58.9121338912 4.08434
359 618.666666667 181.333333333 29.4560669456 58.9121338912 4.07736
359 520.0 170.0 28.16 56.32 3.90878
359 597.333333333 181.333333333 29.4560669456 58.9121338912 3.88994
359 180.0 30.0 28.16 56.32 3.83782
359 435.2 166.4 35.2 70.4 3.67861
359 576.0 181.333333333 29.4560669456 58.9121338912 3.60723
359 160.0 30.0 28.16 56.32 3.41985
389 480.0 170.0 28.16 56.32 7.06525
389 490.666666667 181.333333333 29.4560669456 58.9121338912 5.99149
389 576.0 181.333333333 29.4560669456 58.9121338912 5.9549
389 500.0 170.0 28.16 56.32 5.21199
389 460.0 170.0 28.16 56.32 5.16474
389 580.0 170.0 28.16 56.32 5.13235
389 512.0 181.333333333 29.4560669456 58.9121338912 5.04692
389 597.333333333 181.333333333 29.4560669456 58.9121338912 5.0449
389 560.0 170.0 28.16 56.32 5.02825
389 554.666666667 181.333333333 29.4560669456 58.9121338912 4.88681
389 533.333333333 181.333333333 29.4560669456 58.9121338912 4.54361
389 588.8 166.4 35.2 70.4 4.32233
389 520.0 190.0 28.16 56.32 4.2823
389 486.4 166.4 35.2 70.4 4.24219
389 600.0 170.0 28.16 56.32 4.22981
389 579.047619048 167.619047619 42.4096385542 84.8192771084 4.16774
389 540.0 170.0 28.16 56.32 4.16355
389 469.333333333 181.333333333 29.4560669456 58.9121338912 4.15289
389 520.0 170.0 28.16 56.32 3.64766
389 614.4 166.4 35.2 70.4 3.62571
389 537.6 192.0 35.2 70.4 3.41948
389 440.0 170.0 28.16 56.32 3.40705
389 460.8 166.4 35.2 70.4 3.36816
419 560.0 170.0 28.16 56.32 5.39634
419 554.666666667 181.333333333 29.4560669456 58.9121338912 5.22903
419 576.0 181.333333333 29.4560669456 58.9121338912 4.72288
419 600.0 190.0 28.16 56.32 4.55511
419 540.0 170.0 28.16 56.32 4.34467
419 588.8 192.0 35.2 70.4 3.99568
419 563.2 192.0 35.2 70.4 3.63504
419 580.0 170.0 28.16 56.32 3.40469
419 597.333333333 181.333333333 29.4560669456 58.9121338912 3.31485
449 520.0 170.0 28.16 56.32 3.54143
449 460.0 170.0 28.16 56.32 3.43482
479 614.4 166.4 35.2 70.4 5.36189
479 600.0 170.0 28.16 56.32 5.34896
479 512.0 160.0 29.4560669456 58.9121338912 5.27671
479 490.666666667 160.0 29.4560669456 58.9121338912 4.6888
479 618.666666667 160.0 29.4560669456 58.9121338912 4.49784
479 480.0 170.0 28.16 56.32 4.49
479 533.333333333 160.0 29.4560669456 58.9121338912 4.15828
479 500.0 170.0 28.16 56.32 3.93259
479 580.0 170.0 28.16 56.32 3.8846
479 597.333333333 160.0 29.4560669456 58.9121338912 3.69787
479 500.0 150.0 28.16 56.32 3.54586
479 480.0 150.0 28.16 56.32 3.38399
479 620.0 170.0 28.16 56.32 3.36131
509 520.0 170.0 28.16 56.32 6.10169
509 540.0 170.0 28.16 56.32 5.29167
509 533.333333333 181.333333333 29.4560669456 58.9121338912 3.78737
509 560.0 170.0 28.16 56.32 3.78231
509 554.666666667 181.333333333 29.4560669456 58.9121338912 3.70271
509 580.0 170.0 28.16 56.32 3.36559
539 597.333333333 181.333333333 29.4560669456 58.9121338912 4.74452
539 580.0 170.0 28.16 56.32 3.90295
539 600.0 170.0 28.16 56.32 3.39343
689 440.0 170.0 28.16 56.32 3.80596
689 620.0 190.0 28.16 56.32 3.7795
719 512.0 181.333333333 29.4560669456 58.9121338912 4.30218
719 480.0 170.0 28.16 56.32 3.62353
719 500.0 170.0 28.16 56.32 3.53035
719 460.0 170.0 28.16 56.32 3.39364
749 588.8 192.0 35.2 70.4 5.55347
749 576.0 181.333333333 29.4560669456 58.9121338912 5.22945
749 580.0 190.0 28.16 56.32 5.03825
749 563.2 192.0 35.2 70.4 4.63698
749 560.0 190.0 28.16 56.32 4.59458
749 579.047619048 198.095238095 42.4096385542 84.8192771084 4.42376
749 554.666666667 181.333333333 29.4560669456 58.9121338912 3.81675
749 540.0 190.0 28.16 56.32 3.81227
749 500.0 170.0 28.16 56.32 3.46158
779 533.333333333 181.333333333 29.4560669456 58.9121338912 3.94444
809 576.0 181.333333333 29.4560669456 58.9121338912 5.83403
809 560.0 190.0 28.16 56.32 5.41022
809 580.0 190.0 28.16 56.32 5.07624
809 588.8 192.0 35.2 70.4 4.20005
929 540.0 190.0 28.16 56.32 3.60184
959 588.8 192.0 35.2 70.4 5.6644
959 597.333333333 181.333333333 29.4560669456 58.9121338912 5.47987
959 576.0 181.333333333 29.4560669456 58.9121338912 4.72832
959 580.0 190.0 28.16 56.32 4.71702
959 560.0 190.0 28.16 56.32 3.98441
